16743747       [249 252 253]
11419838       [196 200 197]
11120833       [179 225 240]
9823864        [42 39 36]
8907828        [70 62 53]
8666554        [146 152 154]
8481651        [84 85 84]
7495687        [ 83 116 122]
7079059        [17 16 19]
6093287        [140 131 118]
5429276        [151  92  45]
5296097        [ 33  48 101]
5095345        [131 180 209]
5064228        [106 133 167]
4179774        [ 32  57 164]
4109656        [ 65  99 184]
3631420        [ 73 164 202]
3352361        [255 255 255]
2520374        [ 34  59 223]
2379121        [ 28 188 233]
