41638070       [14 13 23]
26632089       [ 9  8 10]
26284176       [40 40 40]
23898977       [44 45 68]
20903952       [60 76 96]
18297019       [19 30 59]
11066087       [27 52 94]
10208880       [179 187 193]
9806968        [197 222 232]
9592181        [ 76  95 111]
9112507        [144 152 154]
8756234        [128 155 189]
8423151        [ 77 120 136]
8067330        [124 129 134]
6885662        [163 202 232]
6848942        [ 84 126 176]
6692223        [230 240 241]
6521327        [ 61  89 130]
6445532        [ 42  74 120]
4954548        [109 107 102]
3936985        [ 36  79 167]
3774236        [116 185 224]
3229619        [ 62 143 201]
2779703        [251 254 253]
1656759        [ 15  77 129]
