38971288       [110 110 110]
31014079       [152 152 152]
21393590       [ 84  99 100]
20869057       [221 226 226]
20847053       [132 172 213]
19104545       [28 29 33]
17980100       [152 229 252]
15522508       [136 210 243]
14558924       [54 53 55]
14187934       [ 70 121 132]
14164385       [122 124 125]
13938939       [127 135 145]
13642727       [147 148 145]
12841352       [ 55 137 213]
12829068       [30 52 79]
12681831       [5 5 7]
12141806       [158 161 174]
12137350       [ 97 164 226]
11861062       [ 98 132 149]
10639004       [65 65 68]
10194613       [ 47  85 140]
8536979        [177 200 207]
3937096        [159 133 107]
3373962        [131  90  58]
3338412        [ 34  45 173]
