62404969       [20 24 34]
43890045       [100 100 100]
43875020       [55 56 55]
28585013       [102  69  55]
27649217       [187 187 187]
24860861       [29 26 28]
24469335       [167 175 175]
22048487       [ 36  58 116]
21945132       [175 179 186]
21885113       [187 208 216]
20976113       [11 11 15]
19444314       [117 164 208]
18098770       [151 100  37]
17915927       [124 138 150]
15254253       [ 96 126 134]
14568037       [ 79 127 223]
14484319       [123 123 119]
14312358       [ 66 102 127]
12570619       [158 159 169]
12486141       [ 52 117 144]
11048396       [ 28 137 208]
9937898        [155 133 108]
6891241        [ 34  60 193]
6106454        [ 72 189 242]
4470939        [159 227 253]
